119.995000000000 38.000000000000 111.000000000000 -0.000000000001
120.000000000000 38.000000000000 111.000000000000 -0.000000000001
121.000000000000 38.000000000000 111.000000000000 -0.000000000001
122.000000000000 38.000000000000 111.000000000000 -0.000000000001
123.000000000000 38.000000000000 111.000000000000 -0.000000000002
124.000000000000 38.000000000000 111.000000000000 -0.000000000002
125.000000000000 38.000000000000 111.000000000000 -0.000000000002
126.000000000000 38.000000000000 111.000000000000 -0.000000000002
127.000000000000 38.000000000000 111.000000000000 -0.000000000002
128.000000000000 38.000000000000 111.000000000000 -0.000000000002
129.000000000000 38.000000000000 111.000000000000 -0.000000000002
130.000000000000 38.000000000000 111.000000000000 -0.000000000002
131.000000000000 38.000000000000 111.000000000000 -0.000000000002
132.000000000000 38.000000000000 111.000000000000 -0.000000000002
133.000000000000 38.000000000000 111.000000000000 -0.000000000002
134.000000000000 38.000000000000 111.000000000000 -0.000000000002
135.000000000000 38.000000000000 111.000000000000 -0.000000000002
136.000000000000 38.000000000000 111.000000000000 -0.000000000002
137.000000000000 38.000000000000 111.000000000000 -0.000000000002
138.000000000000 38.000000000000 111.000000000000 -0.000000000002
139.000000000000 38.000000000000 111.000000000000 -0.000000000002
140.000000000000 38.000000000000 111.000000000000 -0.000000000002
141.000000000000 38.000000000000 111.000000000000 -0.000000000002
142.000000000000 38.000000000000 111.000000000000 -0.000000000002
143.000000000000 38.000000000000 111.000000000000 -0.000000000002
144.000000000000 38.000000000000 111.000000000000 -0.000000000002
145.000000000000 38.000000000000 111.000000000000 -0.000000000002
146.000000000000 38.000000000000 111.000000000000 -0.000000000002
147.000000000000 38.000000000000 111.000000000000 -0.000000000002
148.000000000000 38.000000000000 111.000000000000 -0.000000000002
149.000000000000 38.000000000000 111.000000000000 -0.000000000002
150.000000000000 38.000000000000 111.000000000000 -0.000000000002
151.000000000000 38.000000000000 111.000000000000 -0.000000000002
152.000000000000 38.000000000000 111.000000000000 -0.000000000002
153.000000000000 38.000000000000 111.000000000000 -0.000000000002
154.000000000000 38.000000000000 111.000000000000 -0.000000000002
155.000000000000 38.000000000000 111.000000000000 -0.000000000002
156.000000000000 38.000000000000 111.000000000000 -0.000000000002
157.000000000000 38.000000000000 111.000000000000 -0.000000000002
158.000000000000 38.000000000000 111.000000000000 -0.000000000002
159.000000000000 38.000000000000 111.000000000000 -0.000000000002
160.000000000000 38.000000000000 111.000000000000 -0.000000000002
161.000000000000 38.000000000000 111.000000000000 -0.000000000002
162.000000000000 38.000000000000 111.000000000000 -0.000000000002
163.000000000000 38.000000000000 111.000000000000 -0.000000000002
164.000000000000 38.000000000000 111.000000000000 -0.000000000002
165.000000000000 38.000000000000 111.000000000000 -0.000000000002
166.000000000000 38.000000000000 111.000000000000 -0.000000000002
167.000000000000 38.000000000000 111.000000000000 -0.000000000002
168.000000000000 38.000000000000 111.000000000000 -0.000000000002
169.000000000000 38.000000000000 111.000000000000 -0.000000000002
170.000000000000 38.000000000000 111.000000000000 -0.000000000002
171.000000000000 38.000000000000 111.000000000000 -0.000000000002
172.000000000000 38.000000000000 111.000000000000 -0.000000000002
173.000000000000 38.000000000000 111.000000000000 -0.000000000002
174.000000000000 38.000000000000 111.000000000000 -0.000000000002
175.000000000000 38.000000000000 111.000000000000 -0.000000000002
176.000000000000 38.000000000000 111.000000000000 -0.000000000002
177.000000000000 38.000000000000 111.000000000000 -0.000000000002
178.000000000000 38.000000000000 111.000000000000 -0.000000000002
179.000000000000 38.000000000000 111.000000000000 -0.000000000002
180.000000000000 38.000000000000 111.000000000000 -0.000000000002
181.000000000000 38.000000000000 111.000000000000 -0.000000000002
182.000000000000 38.000000000000 111.000000000000 -0.000000000002
183.000000000000 38.000000000000 111.000000000000 -0.000000000002
184.000000000000 38.000000000000 111.000000000000 -0.000000000002
185.000000000000 38.000000000000 111.000000000000 -0.000000000002
186.000000000000 38.000000000000 111.000000000000 -0.000000000002
187.000000000000 38.000000000000 111.000000000000 -0.000000000002
188.000000000000 38.000000000000 111.000000000000 -0.000000000002
189.000000000000 38.000000000000 111.000000000000 -0.000000000002
190.000000000000 38.000000000000 111.000000000000 -0.000000000002
191.000000000000 38.000000000000 111.000000000000 -0.000000000002
192.000000000000 38.000000000000 111.000000000000 -0.000000000003
193.000000000000 38.000000000000 111.000000000000 -0.000000000003
194.000000000000 38.000000000000 111.000000000000 -0.000000000003
195.000000000000 38.000000000000 111.000000000000 -0.000000000003
196.000000000000 38.000000000000 111.000000000000 -0.000000000003
197.000000000000 38.000000000000 111.000000000000 -0.000000000003
198.000000000000 38.000000000000 111.000000000000 -0.000000000003
199.000000000000 38.000000000000 111.000000000000 -0.000000000003
200.000000000000 38.000000000000 111.000000000000 -0.000000000003
201.000000000000 38.000000000000 111.000000000000 -0.000000000003
202.000000000000 38.000000000000 111.000000000000 -0.000000000003
203.000000000000 38.000000000000 111.000000000000 -0.000000000003
204.000000000000 38.000000000000 111.000000000000 -0.000000000003
205.000000000000 38.000000000000 111.000000000000 -0.000000000003
206.000000000000 38.000000000000 111.000000000000 -0.000000000003
207.000000000000 38.000000000000 111.000000000000 -0.000000000003
208.000000000000 38.000000000000 111.000000000000 -0.000000000003
209.000000000000 38.000000000000 111.000000000000 -0.000000000003
210.000000000000 38.000000000000 111.000000000000 -0.000000000003
211.000000000000 38.000000000000 111.000000000000 -0.000000000003
212.000000000000 38.000000000000 111.000000000000 -0.000000000003
213.000000000000 38.000000000000 111.000000000000 -0.000000000003
214.000000000000 38.000000000000 111.000000000000 -0.000000000003
215.000000000000 38.000000000000 111.000000000000 -0.000000000003
216.000000000000 38.000000000000 111.000000000000 -0.000000000003
217.000000000000 38.000000000000 111.000000000000 -0.000000000003
218.000000000000 38.000000000000 111.000000000000 -0.000000000003
219.000000000000 38.000000000000 111.000000000000 -0.000000000003
220.000000000000 38.000000000000 111.000000000000 -0.000000000003
221.000000000000 38.000000000000 111.000000000000 -0.000000000003
222.000000000000 38.000000000000 111.000000000000 -0.000000000003
223.000000000000 38.000000000000 111.000000000000 -0.000000000003
224.000000000000 38.000000000000 111.000000000000 -0.000000000003
225.000000000000 38.000000000000 111.000000000000 -0.000000000003
226.000000000000 38.000000000000 111.000000000000 -0.000000000003
227.000000000000 38.000000000000 111.000000000000 -0.000000000003
228.000000000000 38.000000000000 111.000000000000 -0.000000000003
229.000000000000 38.000000000000 111.000000000000 -0.000000000003
230.000000000000 38.000000000000 111.000000000000 -0.000000000003
231.000000000000 38.000000000000 111.000000000000 -0.000000000003
232.000000000000 38.000000000000 111.000000000000 -0.000000000003
233.000000000000 38.000000000000 111.000000000000 -0.000000000003
234.000000000000 38.000000000000 111.000000000000 -0.000000000003
235.000000000000 38.000000000000 111.000000000000 -0.000000000003
236.000000000000 38.000000000000 111.000000000000 -0.000000000003
237.000000000000 38.000000000000 111.000000000000 -0.000000000003
238.000000000000 38.000000000000 111.000000000000 -0.000000000003
239.000000000000 38.000000000000 111.000000000000 -0.000000000003
240.000000000000 38.000000000000 111.000000000000 -0.000000000003
241.000000000000 38.000000000000 111.000000000000 -0.000000000003
242.000000000000 38.000000000000 111.000000000000 -0.000000000003
243.000000000000 38.000000000000 111.000000000000 -0.000000000003
244.000000000000 38.000000000000 111.000000000000 -0.000000000003
245.000000000000 38.000000000000 111.000000000000 -0.000000000003
246.000000000000 38.000000000000 111.000000000000 -0.000000000003
247.000000000000 38.000000000000 111.000000000000 -0.000000000003
248.000000000000 38.000000000000 111.000000000000 -0.000000000003
249.000000000000 38.000000000000 111.000000000000 -0.000000000003
250.000000000000 38.000000000000 111.000000000000 -0.000000000003
251.000000000000 38.000000000000 111.000000000000 -0.000000000003
252.000000000000 38.000000000000 111.000000000000 -0.000000000003
253.000000000000 38.000000000000 111.000000000000 -0.000000000003
254.000000000000 38.000000000000 111.000000000000 -0.000000000003
255.000000000000 38.000000000000 111.000000000000 -0.000000000003
256.000000000000 38.000000000000 111.000000000000 -0.000000000003
257.000000000000 38.000000000000 111.000000000000 -0.000000000003
258.000000000000 38.000000000000 111.000000000000 -0.000000000003
259.000000000000 38.000000000000 111.000000000000 -0.000000000003
260.000000000000 38.000000000000 111.000000000000 -0.000000000003
261.000000000000 38.000000000000 111.000000000000 -0.000000000004
262.000000000000 38.000000000000 111.000000000000 -0.000000000004
263.000000000000 38.000000000000 111.000000000000 -0.000000000004
264.000000000000 38.000000000000 111.000000000000 -0.000000000004
265.000000000000 38.000000000000 111.000000000000 -0.000000000004
266.000000000000 38.000000000000 111.000000000000 -0.000000000004
267.000000000000 38.000000000000 111.000000000000 -0.000000000004
268.000000000000 38.000000000000 111.000000000000 -0.000000000004
269.000000000000 38.000000000000 111.000000000000 -0.000000000004
270.000000000000 38.000000000000 111.000000000000 -0.000000000004
271.000000000000 38.000000000000 111.000000000000 -0.000000000004
272.000000000000 38.000000000000 111.000000000000 -0.000000000004
273.000000000000 38.000000000000 111.000000000000 -0.000000000004
274.000000000000 38.000000000000 111.000000000000 -0.000000000004
275.000000000000 38.000000000000 111.000000000000 -0.000000000004
276.000000000000 38.000000000000 111.000000000000 -0.000000000004
277.000000000000 38.000000000000 111.000000000000 -0.000000000004
278.000000000000 38.000000000000 111.000000000000 -0.000000000004
279.000000000000 38.000000000000 111.000000000000 -0.000000000004
280.000000000000 38.000000000000 111.000000000000 -0.000000000004
281.000000000000 38.000000000000 111.000000000000 -0.000000000004
282.000000000000 38.000000000000 111.000000000000 -0.000000000004
283.000000000000 38.000000000000 111.000000000000 -0.000000000004
284.000000000000 38.000000000000 111.000000000000 -0.000000000004
285.000000000000 38.000000000000 111.000000000000 -0.000000000004
286.000000000000 38.000000000000 111.000000000000 -0.000000000004
287.000000000000 38.000000000000 111.000000000000 -0.000000000004
288.000000000000 38.000000000000 111.000000000000 -0.000000000004
289.000000000000 38.000000000000 111.000000000000 -0.000000000004
290.000000000000 38.000000000000 111.000000000000 -0.000000000004
291.000000000000 38.000000000000 111.000000000000 -0.000000000004
292.000000000000 38.000000000000 111.000000000000 -0.000000000004
293.000000000000 38.000000000000 111.000000000000 -0.000000000004
294.000000000000 38.000000000000 111.000000000000 -0.000000000004
295.000000000000 38.000000000000 111.000000000000 -0.000000000004
296.000000000000 38.000000000000 111.000000000000 -0.000000000004
297.000000000000 38.000000000000 111.000000000000 -0.000000000004
298.000000000000 38.000000000000 111.000000000000 -0.000000000004
299.000000000000 38.000000000000 111.000000000000 -0.000000000004
300.000000000000 38.000000000125 111.000000000901 -0.000000112247
301.000000000000 38.000000783969 111.000005638799 -0.000607839229
302.000000000000 38.000003124942 111.000022476173 -0.002410991988
303.000000000000 38.000006223941 111.000044923591 -0.004805678370
304.000000000000 38.000009274802 111.000067368086 -0.007189467264
305.000000000000 38.000012279057 111.000089821762 -0.009562372566
306.000000000000 38.000015235997 111.000112279383 -0.011933825069
307.000000000000 38.000018144887 111.000134735444 -0.014299939234
308.000000000000 38.000021008394 111.000157209495 -0.016661391315
309.000000000000 38.000023825170 111.000179691636 -0.019019284878
310.000000000000 38.000026596444 111.000202191740 -0.021367566315
311.000000000000 38.000029321313 111.000224702081 -0.023709422104
312.000000000000 38.000031999194 111.000247218281 -0.026044738987
313.000000000000 38.000034631370 111.000269751639 -0.028374610002
314.000000000000 38.000037217709 111.000292300958 -0.030702699676
315.000000000000 38.000039756530 111.000314851199 -0.033024706382
316.000000000000 38.000042248552 111.000337408226 -0.035341590448
317.000000000000 38.000044693420 111.000359969299 -0.037650335934
318.000000000000 38.000047091798 111.000382539452 -0.039958306066
319.000000000000 38.000049442553 111.000405109007 -0.042261741721
320.000000000000 38.000051748348 111.000427703777 -0.044565871334
321.000000000000 38.000054005158 111.000450283331 -0.046862186367
322.000000000000 38.000056215418 111.000472871875 -0.049157197961
323.000000000000 38.000058381005 111.000495489267 -0.051453866299
324.000000000000 38.000060499575 111.000518111223 -0.053746213158
325.000000000000 38.000062570502 111.000540730905 -0.056027826847
326.000000000000 38.000064595602 111.000563368435 -0.058301462450
327.000000000000 38.000066574133 111.000586016433 -0.060570454987
328.000000000000 38.000068505297 111.000608665048 -0.062837148071
329.000000000000 38.000070388645 111.000631309017 -0.065101004316
330.000000000000 38.000072225168 111.000653960322 -0.067362486543
331.000000000000 38.000074015456 111.000676625487 -0.069617585691
332.000000000000 38.000075758796 111.000699296799 -0.071863909893
333.000000000000 38.000077454366 111.000721962876 -0.074103844899
334.000000000000 38.000079103579 111.000744642941 -0.076337618061
335.000000000000 38.000080706510 111.000767338030 -0.078567418314
336.000000000000 38.000082262226 111.000790035763 -0.080796892232
337.000000000000 38.000083769173 111.000812711470 -0.083024561683
338.000000000000 38.000085230137 111.000835406197 -0.085249538401
339.000000000000 38.000086644025 111.000858104384 -0.087473728836
340.000000000000 38.000088010307 111.000880797298 -0.089689680003
341.000000000000 38.000089330131 111.000903503290 -0.091901734894
342.000000000000 38.000090602322 111.000926201552 -0.094112538118
343.000000000000 38.000091828158 111.000948915719 -0.096315713308
344.000000000000 38.000093007431 111.000971643430 -0.098517124332
345.000000000000 38.000094139893 111.000994379424 -0.100713254768
346.000000000000 38.000095225219 111.001017116464 -0.102906508941
347.000000000000 38.000096263406 111.001039856110 -0.105102756430
348.000000000000 38.000097253668 111.001062577964 -0.107290224048
349.000000000000 38.000098197654 111.001085321384 -0.109476060196
350.000000000000 38.000099094656 111.001108070650 -0.111656208995
351.000000000000 38.000099944101 111.001130811644 -0.113830328509
352.000000000000 38.000100746577 111.001153561254 -0.116004682950
353.000000000000 38.000101501461 111.001176299243 -0.118174551017
354.000000000000 38.000102209208 111.001199038148 -0.120339785248
355.000000000000 38.000102870706 111.001221806480 -0.122501545909
356.000000000000 38.000103484740 111.001244564405 -0.124656171072
357.000000000000 38.000104051631 111.001267322398 -0.126809390752
358.000000000000 38.000104571612 111.001290092444 -0.128958878695
359.000000000000 38.000105044434 111.001312860255 -0.131106445390
360.000000000000 38.000105470094 111.001335622817 -0.133251155219
361.000000000000 38.000105848637 111.001358386131 -0.135389411001
362.000000000000 38.000106179854 111.001381134115 -0.137526101256
363.000000000000 38.000106464229 111.001403898804 -0.139657337268
364.000000000000 38.000106701490 111.001426663055 -0.141786044187
365.000000000000 38.000106891716 111.001449437764 -0.143912431889
366.000000000000 38.000107034861 111.001472211699 -0.146040490445
367.000000000000 38.000107130885 111.001494982438 -0.148167043924
368.000000000000 38.000107179805 111.001517743786 -0.150291388401
369.000000000000 38.000107181618 111.001540511741 -0.152417207360
370.000000000000 38.000107136267 111.001563284815 -0.154541778244
371.000000000000 38.000107043791 111.001586056617 -0.156652807292
372.000000000000 38.000106904197 111.001608830786 -0.158755813506
373.000000000000 38.000106717435 111.001631604020 -0.160855027695
374.000000000000 38.000106483419 111.001654378338 -0.162949935648
375.000000000000 38.000106202518 111.001677129438 -0.165044590997
376.000000000000 38.000105874483 111.001699884289 -0.167144044273
377.000000000000 38.000105499289 111.001722641486 -0.169238107363
378.000000000000 38.000105076858 111.001745406354 -0.171324430747
379.000000000000 38.000104607382 111.001768164241 -0.173411414474
380.000000000000 38.000104090627 111.001790925409 -0.175497610682
381.000000000000 38.000103526884 111.001813682378 -0.177582368237
382.000000000000 38.000102915971 111.001836437262 -0.179667353079
383.000000000000 38.000102257718 111.001859197546 -0.181751345163
384.000000000000 38.000101552554 111.001881949404 -0.183827356776
385.000000000000 38.000100800176 111.001904703818 -0.185899101941
386.000000000000 38.000100000949 111.001927449869 -0.187970682550
387.000000000000 38.000099154563 111.001950194553 -0.190041659710
388.000000000000 38.000098261285 111.001972933146 -0.192108138928
389.000000000000 38.000097321295 111.001995660783 -0.194168477200
390.000000000000 38.000096333209 111.002018410405 -0.196230036556
391.000000000000 38.000095298028 111.002041156232 -0.198289157115
392.000000000000 38.000094216451 111.002063884472 -0.200345262433
393.000000000000 38.000093087476 111.002086616770 -0.202405509646
394.000000000000 38.000091911826 111.002109339009 -0.204461774137
395.000000000000 38.000090688329 111.002132072603 -0.206514299760
396.000000000000 38.000089419426 111.002154772162 -0.208561885617
397.000000000000 38.000088102566 111.002177484455 -0.210607122102
398.000000000000 38.000086738245 111.002200198669 -0.212647576510
399.000000000000 38.000085327584 111.002222897302 -0.214686636900
400.000000000000 38.000083869040 111.002245604518 -0.216723492180
401.000000000000 38.000082364933 111.002268285973 -0.218757868972
402.000000000000 38.000080813053 111.002290975335 -0.220791053495
403.000000000000 38.000079214278 111.002313658455 -0.222821341460
404.000000000000 38.000077568247 111.002336341089 -0.224843535120
405.000000000000 38.000075874997 111.002359022463 -0.226864918344
406.000000000000 38.000074134994 111.002381695361 -0.228886858742
407.000000000000 38.000072348153 111.002404361611 -0.230903496056
408.000000000000 38.000070515938 111.002427002593 -0.232911568702
409.000000000000 38.000068635624 111.002449652693 -0.234916165788
410.000000000000 38.000066708412 111.002472296888 -0.236912012374
411.000000000000 38.000064734876 111.002494927569 -0.238909527001
412.000000000000 38.000062714281 111.002517554599 -0.240908694296
413.000000000000 38.000060646284 111.002540181449 -0.242911941204
414.000000000000 38.000058531280 111.002562803118 -0.244911755237
415.000000000000 38.000056370245 111.002585409535 -0.246907253434
416.000000000000 38.000054163230 111.002608000431 -0.248899736213
417.000000000000 38.000051908989 111.002630588313 -0.250888358009
418.000000000000 38.000049607897 111.002653169558 -0.252876558995
419.000000000000 38.000047260344 111.002675740465 -0.254860034415
420.000000000000 38.000044864619 111.002698317566 -0.256840886181
421.000000000000 38.000042422090 111.002720887388 -0.258823467272
422.000000000000 38.000039932405 111.002743453376 -0.260802715048
423.000000000000 38.000037396936 111.002766002893 -0.262783956663
424.000000000000 38.000034816712 111.002788527181 -0.264762001733
425.000000000000 38.000032189389 111.002811047498 -0.266738337689
426.000000000000 38.000029515685 111.002833557205 -0.268713891901
427.000000000000 38.000026796017 111.002856052983 -0.270687231934
428.000000000000 38.000024027694 111.002878556603 -0.272662520207
429.000000000000 38.000021214614 111.002901036500 -0.274638177750
430.000000000000 38.000018354193 111.002923513407 -0.276616269238
431.000000000000 38.000015447036 111.002945982822 -0.278593361393
432.000000000000 38.000012493570 111.002968440885 -0.280568944044
433.000000000000 38.000009493801 111.002990887469 -0.282542461179
434.000000000000 38.000006446491 111.003013331856 -0.284510483476
435.000000000000 38.000003353052 111.003035764121 -0.286475410476
436.000000000000 38.000000211281 111.003058199523 -0.288437579667
437.000000000000 37.999997024583 111.003080613981 -0.290399057945
438.000000000000 37.999993794393 111.003102997775 -0.292356086707
439.000000000000 37.999990515716 111.003125385598 -0.294311073207
440.000000000000 37.999987192406 111.003147750744 -0.296259738772
441.000000000000 37.999983822013 111.003170109928 -0.298202488715
442.000000000000 37.999980404675 111.003192462434 -0.300143060482
443.000000000000 37.999976940765 111.003214805763 -0.302079290391
444.000000000000 37.999973430496 111.003237138039 -0.304011099080
445.000000000000 37.999969872402 111.003259468762 -0.305942369535
446.000000000000 37.999966270816 111.003281770865 -0.307872778270
447.000000000000 37.999962623186 111.003304060870 -0.309800895683
448.000000000000 37.999958926051 111.003326359420 -0.311728821355
449.000000000000 37.999955184130 111.003348637595 -0.313653078442
450.000000000000 37.999951396662 111.003370900601 -0.315574890114
451.000000000000 37.999947564750 111.003393141848 -0.317504941741
452.000000000000 37.999943685905 111.003415376025 -0.319436834545
453.000000000000 37.999939761653 111.003437594419 -0.321367737952
454.000000000000 37.999935789648 111.003459809762 -0.323296550466
455.000000000000 37.999931773129 111.003482003647 -0.325222128025
456.000000000000 37.999927709398 111.003504191205 -0.327152062280
457.000000000000 37.999923597589 111.003526376874 -0.329083130513
458.000000000000 37.999919442387 111.003548535750 -0.331012405171
459.000000000000 37.999915243125 111.003570671316 -0.332942345009
460.000000000000 37.999910995265 111.003592807443 -0.334868764512
461.000000000000 37.999906703421 111.003614919986 -0.336791093537
462.000000000000 37.999902366522 111.003637014685 -0.338713353187
463.000000000000 37.999897981824 111.003659104947 -0.340632553167
464.000000000000 37.999893552907 111.003681173094 -0.342542728221
465.000000000000 37.999889081585 111.003703210261 -0.344451179654
466.000000000000 37.999884561700 111.003725247160 -0.346360752116
467.000000000000 37.999879996057 111.003747269461 -0.348265901174
468.000000000000 37.999875384731 111.003769276919 -0.350167730055
469.000000000000 37.999870726541 111.003791275450 -0.352062491896
470.000000000000 37.999866024358 111.003813251630 -0.353954595693
471.000000000000 37.999861278414 111.003835204187 -0.355839637795
472.000000000000 37.999856487120 111.003857140729 -0.357723283514
473.000000000000 37.999851648477 111.003879069873 -0.359606241820
474.000000000000 37.999846762349 111.003900992463 -0.361484577948
475.000000000000 37.999841831640 111.003922895382 -0.363363119730
476.000000000000 37.999836860300 111.003944761483 -0.365235696163
477.000000000000 37.999831845184 111.003966604820 -0.367105955452
478.000000000000 37.999826777546 111.003988463319 -0.368980765800
479.000000000000 37.999821666565 111.004010296867 -0.370857853065
480.000000000000 37.999816509199 111.004032118646 -0.372731290350
481.000000000000 37.999811307324 111.004053920824 -0.374602355507
482.000000000000 37.999806062843 111.004075695257 -0.376468376420
483.000000000000 37.999800771401 111.004097460075 -0.378334417415
484.000000000000 37.999795437133 111.004119198422 -0.380196029785
485.000000000000 37.999790054772 111.004140931803 -0.382058954854
486.000000000000 37.999784626236 111.004162652243 -0.383923991706
487.000000000000 37.999779155035 111.004184345638 -0.385788483395
488.000000000000 37.999773638173 111.004206024148 -0.387655408112
489.000000000000 37.999768077807 111.004227679083 -0.389522394945
490.000000000000 37.999762470891 111.004249322203 -0.391385515462
491.000000000000 37.999756814808 111.004270963489 -0.393246864091
492.000000000000 37.999751113520 111.004292587604 -0.395105541227
493.000000000000 37.999745370070 111.004314183122 -0.396962412669
494.000000000000 37.999739583161 111.004335755139 -0.398820588670
495.000000000000 37.999733753793 111.004357299898 -0.400672227426
496.000000000000 37.999727877658 111.004378833689 -0.402518668966
497.000000000000 37.999721956231 111.004400350789 -0.404361056382
498.000000000000 37.999715992315 111.004421840926 -0.406199264407
499.000000000000 37.999709985253 111.004443306467 -0.408034964282
500.000000000000 37.999703931523 111.004464759950 -0.409870324876
501.000000000000 37.999697835718 111.004486185330 -0.411700453562
502.000000000000 37.999691693213 111.004507598902 -0.413533190630
503.000000000000 37.999685526562 111.004529007168 -0.415370095555
504.000000000000 37.999679363555 111.004550403036 -0.417206042155
505.000000000000 37.999673201862 111.004571794620 -0.419032631508
506.000000000000 37.999667037600 111.004593195143 -0.420845818494
507.000000000000 37.999660874118 111.004614593110 -0.422655212144
508.000000000000 37.999654708778 111.004635997692 -0.424457251972
509.000000000000 37.999648546914 111.004657390658 -0.426249917558
510.000000000000 37.999642385660 111.004678781693 -0.428034468597
511.000000000000 37.999636225142 111.004700170223 -0.429809396449
512.000000000000 37.999630063047 111.004721564529 -0.431579861869
513.000000000000 37.999623897484 111.004742970928 -0.433346898067
514.000000000000 37.999617733082 111.004764373605 -0.435108608265
515.000000000000 37.999611570486 111.004785770220 -0.436856100001
516.000000000000 37.999605411841 111.004807153439 -0.438588952492
517.000000000000 37.999599252415 111.004828539447 -0.440315775855
518.000000000000 37.999593092956 111.004849925803 -0.442039482224
519.000000000000 37.999586930820 111.004871321646 -0.443758772468
520.000000000000 37.999580767112 111.004892723151 -0.445473165280
521.000000000000 37.999574606094 111.004914115682 -0.447179683283
522.000000000000 37.999568441784 111.004935519560 -0.448876575874
523.000000000000 37.999562275550 111.004956930201 -0.450563442748
524.000000000000 37.999556113518 111.004978326408 -0.452238488388
525.000000000000 37.999549952655 111.004999718391 -0.453901072422
526.000000000000 37.999543793016 111.005021106304 -0.455559805280
527.000000000000 37.999537629823 111.005042506721 -0.457206771190
528.000000000000 37.999531466364 111.005063908331 -0.458841135365
529.000000000000 37.999525307269 111.005085295000 -0.460465977028
530.000000000000 37.999519145027 111.005106692753 -0.462085264385
531.000000000000 37.999512987884 111.005128073069 -0.463697614302
532.000000000000 37.999506822583 111.005149481988 -0.465302852970
533.000000000000 37.999500663500 111.005170869457 -0.466893402512
534.000000000000 37.999494498558 111.005192277398 -0.468478284211
535.000000000000 37.999488339719 111.005213664288 -0.470056800677
536.000000000000 37.999482174293 111.005235074131 -0.471631861681
537.000000000000 37.999476011263 111.005256475998 -0.473191069679
538.000000000000 37.999469851469 111.005277866916 -0.474739163742
539.000000000000 37.999463694417 111.005299248666 -0.476280581173
540.000000000000 37.999457535751 111.005320636375 -0.477815092206
541.000000000000 37.999451371224 111.005342044729 -0.479348593268
542.000000000000 37.999445208385 111.005363447504 -0.480870739564
543.000000000000 37.999439048240 111.005384841165 -0.482384677811
544.000000000000 37.999432889809 111.005406228682 -0.483890715388
545.000000000000 37.999426726034 111.005427634835 -0.485388682560
546.000000000000 37.999420562642 111.005449039951 -0.486878758186
547.000000000000 37.999414400277 111.005470441779 -0.488359738737
548.000000000000 37.999408240548 111.005491834706 -0.489836390214
549.000000000000 37.999402081210 111.005513226599 -0.491304497616
550.000000000000 37.999395919993 111.005534625106 -0.492759484938
551.000000000000 37.999389759367 111.005556021918 -0.494208066834
552.000000000000 37.999383599525 111.005577416306 -0.495646160413
553.000000000000 37.999377440711 111.005598807171 -0.497077324864
554.000000000000 37.999371281091 111.005620200967 -0.498502825559
555.000000000000 37.999365118477 111.005641605395 -0.499916943117
556.000000000000 37.999358958293 111.005663001371 -0.501324961982
557.000000000000 37.999352794301 111.005684410816 -0.502728466702
558.000000000000 37.999346633540 111.005705809307 -0.504124300469
559.000000000000 37.999340472441 111.005727209055 -0.505519234822
560.000000000000 37.999334311813 111.005748607404 -0.506910249986
561.000000000000 37.999328151267 111.005770005370 -0.508294192577
562.000000000000 37.999321990753 111.005791403253 -0.509674045180
563.000000000000 37.999315831957 111.005812795645 -0.511044442117
564.000000000000 37.999309670055 111.005834199349 -0.512410362704
565.000000000000 37.999303508252 111.005855602834 -0.513768561660
566.000000000000 37.999297346073 111.005877007615 -0.515120147897
567.000000000000 37.999291183286 111.005898414406 -0.516466282813
568.000000000000 37.999285022540 111.005919814195 -0.517804018997
569.000000000000 37.999278861164 111.005941216304 -0.519130584713
570.000000000000 37.999272704284 111.005962603182 -0.520447065504
571.000000000000 37.999266543540 111.005984003822 -0.521752828650
572.000000000000 37.999260382061 111.006005407167 -0.523046757647
573.000000000000 37.999254225663 111.006026793207 -0.524336033601
574.000000000000 37.999248065945 111.006048191025 -0.525621714503
575.000000000000 37.999241908133 111.006069582470 -0.526901245703
576.000000000000 37.999235746569 111.006090987275 -0.528175739342
577.000000000000 37.999229583422 111.006112397850 -0.529444629719
578.000000000000 37.999223417929 111.006133816827 -0.530709244386
579.000000000000 37.999217255356 111.006155225813 -0.531966361389
580.000000000000 37.999211097629 111.006176618130 -0.533215845590
581.000000000000 37.999204937411 111.006198019398 -0.534460340132
582.000000000000 37.999198775905 111.006219425573 -0.535691368082
583.000000000000 37.999192618036 111.006240819436 -0.536909696280
584.000000000000 37.999186457024 111.006262224705 -0.538123901642
585.000000000000 37.999180298213 111.006283622294 -0.539334253798
586.000000000000 37.999174140812 111.006305015115 -0.540544531364
587.000000000000 37.999167984550 111.006326404308 -0.541745351435
588.000000000000 37.999161828637 111.006347792381 -0.542935614949
589.000000000000 37.999155665653 111.006369205170 -0.544125842431
590.000000000000 37.999149507269 111.006390602088 -0.545310420875
591.000000000000 37.999143345855 111.006412009614 -0.546490685588
592.000000000000 37.999137187451 111.006433406665 -0.547667242553
593.000000000000 37.999131026485 111.006454812649 -0.548840264476
594.000000000000 37.999124868959 111.006476206826 -0.550000914333
595.000000000000 37.999118709277 111.006497608897 -0.551152095275
596.000000000000 37.999112549915 111.006519010145 -0.552291817293
597.000000000000 37.999106393359 111.006540401801 -0.553417601332
598.000000000000 37.999100234339 111.006561802331 -0.554538991513
599.000000000000 37.999094076547 111.006583198602 -0.555650485738
600.000000000000 37.999087919463 111.006604592529 -0.556753722037
601.000000000000 37.999081754953 111.006626012374 -0.557852007163
602.000000000000 37.999075601404 111.006647394195 -0.558943793071
603.000000000000 37.999069465632 111.006668817941 -0.560024762569
604.000000000000 37.999063392577 111.006690255642 -0.561092549845
605.000000000000 37.999057378440 111.006711721195 -0.562155714964
606.000000000000 37.999051424051 111.006733211970 -0.563214063395
607.000000000000 37.999045528282 111.006754731924 -0.564264211417
608.000000000000 37.999039692937 111.006776274563 -0.565300876501
609.000000000000 37.999033914650 111.006797852330 -0.566326777830
610.000000000000 37.999028197938 111.006819448386 -0.567333341976
611.000000000000 37.999022539329 111.006841075713 -0.568329222167
612.000000000000 37.999016940165 111.006862729287 -0.569314304935
613.000000000000 37.999011401044 111.006884407016 -0.570287851630
614.000000000000 37.999005925909 111.006906093195 -0.571249263640
615.000000000000 37.999000509524 111.006927808408 -0.572204331337
616.000000000000 37.998995149412 111.006949562816 -0.573152824682
617.000000000000 37.998989853858 111.006971322537 -0.574095944294
618.000000000000 37.998984617916 111.006993107964 -0.575028812111
619.000000000000 37.998979441490 111.007014919600 -0.575948370418
620.000000000000 37.998974326689 111.007036748240 -0.576853753023
621.000000000000 37.998969272433 111.007058598731 -0.577743379436
622.000000000000 37.998964278074 111.007080473890 -0.578624121821
623.000000000000 37.998959341927 111.007102381202 -0.579493351417
624.000000000000 37.998954466707 111.007124308593 -0.580349954179
625.000000000000 37.998949649924 111.007146267058 -0.581194488809
626.000000000000 37.998944896434 111.007168234639 -0.582023617851
627.000000000000 37.998940203883 111.007190221876 -0.582845564293
628.000000000000 37.998935573501 111.007212223276 -0.583656646562
629.000000000000 37.998931005108 111.007234239681 -0.584452978016
630.000000000000 37.998926493213 111.007256297684 -0.585238854974
631.000000000000 37.998922045130 111.007278361748 -0.586017327221
632.000000000000 37.998917660084 111.007300434828 -0.586786770064
633.000000000000 37.998913333892 111.007322538074 -0.587542440630
634.000000000000 37.998909066439 111.007344672839 -0.588285055672
635.000000000000 37.998904865089 111.007366800774 -0.589011912368
636.000000000000 37.998900724007 111.007388952360 -0.589727467701
637.000000000000 37.998896640284 111.007411143265 -0.590429316564
638.000000000000 37.998892618129 111.007433350654 -0.591112039251
639.000000000000 37.998888656936 111.007455578218 -0.591780433960
640.000000000000 37.998884758967 111.007477813358 -0.592437958484
641.000000000000 37.998880922525 111.007500065370 -0.593086455755
642.000000000000 37.998877147390 111.007522335314 -0.593724698147
643.000000000000 37.998873434466 111.007544617716 -0.594348760285
644.000000000000 37.998869781765 111.007566924522 -0.594955997481
645.000000000000 37.998866193272 111.007589231546 -0.595546561855
646.000000000000 37.998862666051 111.007611556951 -0.596124944388
647.000000000000 37.998859200742 111.007633896778 -0.596689739644
648.000000000000 37.998855796896 111.007656253752 -0.597235373770
649.000000000000 37.998852456718 111.007678613329 -0.597765321577
650.000000000000 37.998849174927 111.007701010806 -0.598285547204
651.000000000000 37.998845955964 111.007723416399 -0.598794305166
652.000000000000 37.998842799760 111.007745830045 -0.599287524708
653.000000000000 37.998839703126 111.007768274764 -0.599771677399
654.000000000000 37.998836670372 111.007790718877 -0.600248551135
655.000000000000 37.998833702331 111.007813156377 -0.600710432804
656.000000000000 37.998830794441 111.007835621199 -0.601158252936
657.000000000000 37.998827946797 111.007858113056 -0.601599112024
658.000000000000 37.998825163462 111.007880600172 -0.602028640694
659.000000000000 37.998822441263 111.007903108599 -0.602445411895
660.000000000000 37.998819782770 111.007925615955 -0.602851117791
661.000000000000 37.998817184900 111.007948148331 -0.603250380840
662.000000000000 37.998814650098 111.007970684808 -0.603639236327
663.000000000000 37.998812175026 111.007993255424 -0.604013641824
664.000000000000 37.998809763471 111.008015826382 -0.604375848128
665.000000000000 37.998807413932 111.008038410921 -0.604720940055
666.000000000000 37.998805127494 111.008060999212 -0.605048595036
667.000000000000 37.998802903066 111.008083601692 -0.605366116780
668.000000000000 37.998800741777 111.008106206539 -0.605672408513
669.000000000000 37.998798642719 111.008128823122 -0.605964887831
670.000000000000 37.998796606063 111.008151449915 -0.606242672805
671.000000000000 37.998794632797 111.008174075976 -0.606509712595
672.000000000000 37.998792720550 111.008196728545 -0.606766566967
673.000000000000 37.998790871315 111.008219384739 -0.607012908726
674.000000000000 37.998789085242 111.008242042198 -0.607244761425
675.000000000000 37.998787362324 111.008264700056 -0.607465801102
676.000000000000 37.998785701631 111.008287371191 -0.607672605652
677.000000000000 37.998784104786 111.008310032304 -0.607861684203
678.000000000000 37.998782569394 111.008332717261 -0.608031868073
679.000000000000 37.998781096318 111.008355415537 -0.608183131381
680.000000000000 37.998779687056 111.008378103017 -0.608325717706
681.000000000000 37.998778340387 111.008400799803 -0.608450165903
682.000000000000 37.998777056163 111.008423506566 -0.608559895424
683.000000000000 37.998775833612 111.008446238726 -0.608659670386
684.000000000000 37.998774674536 111.008468964097 -0.608745851946
685.000000000000 37.998773578740 111.008491684360 -0.608818778052
686.000000000000 37.998772544962 111.008514425159 -0.608878429514
687.000000000000 37.998771574671 111.008537154947 -0.608922751614
688.000000000000 37.998770666929 111.008559896788 -0.608947481503
689.000000000000 37.998769821975 111.008582643992 -0.608959508325
690.000000000000 37.998769039983 111.008605391912 -0.608960807048
691.000000000000 37.998768321197 111.008628133281 -0.608946909081
692.000000000000 37.998767664920 111.008650889655 -0.608921479267
693.000000000000 37.998767071611 111.008673643732 -0.608887251298
694.000000000000 37.998766540796 111.008696414226 -0.608840717825
695.000000000000 37.998766073095 111.008719179446 -0.608779871084
696.000000000000 37.998765668352 111.008741945106 -0.608701297630
697.000000000000 37.998765326231 111.008764727415 -0.608608882626
698.000000000000 37.998765047256 111.008787493017 -0.608504280141
699.000000000000 37.998764831262 111.008810252380 -0.608385220981
700.000000000000 37.998764678127 111.008833025419 -0.608249784268
701.000000000000 37.998764587909 111.008855801173 -0.608103798136
702.000000000000 37.998764560576 111.008878570686 -0.607953245128
703.000000000000 37.998764596170 111.008901335870 -0.607788788454
704.000000000000 37.998764694823 111.008924128862 -0.607610607899
705.000000000000 37.998764856390 111.008946905966 -0.607426026282
706.000000000000 37.998765080811 111.008969674469 -0.607224802351
707.000000000000 37.998765368229 111.008992453904 -0.607009477006
708.000000000000 37.998765718506 111.009015224543 -0.606783703643
709.000000000000 37.998766132092 111.009038010057 -0.606533373235
710.000000000000 37.998766607985 111.009060761218 -0.606263682808
711.000000000000 37.998767147072 111.009083522777 -0.605978440729
712.000000000000 37.998767748699 111.009106269828 -0.605686459696
713.000000000000 37.998768413299 111.009129020622 -0.605386516005
714.000000000000 37.998769141077 111.009151777824 -0.605074206517
715.000000000000 37.998769932114 111.009174541536 -0.604744547360
716.000000000000 37.998770785499 111.009197285905 -0.604401590261
717.000000000000 37.998771701975 111.009220032181 -0.604041005125
718.000000000000 37.998772680820 111.009242761924 -0.603668486702
719.000000000000 37.998773722501 111.009265487704 -0.603284194428
720.000000000000 37.998774827368 111.009288216780 -0.602883720645
721.000000000000 37.998775994922 111.009310938801 -0.602468211569
722.000000000000 37.998777225676 111.009333664401 -0.602039063078
723.000000000000 37.998778519016 111.009356381377 -0.601594938570
724.000000000000 37.998779875518 111.009379097273 -0.601139746470
725.000000000000 37.998781294318 111.009401797950 -0.600669945577
726.000000000000 37.998782775864 111.009424493553 -0.600174780721
727.000000000000 37.998784319996 111.009447181019 -0.599663684042
728.000000000000 37.998785926316 111.009469854448 -0.599140807497
729.000000000000 37.998787596106 111.009492531968 -0.598607702130
730.000000000000 37.998789328446 111.009515200327 -0.598062570077
731.000000000000 37.998791122156 111.009537843731 -0.597504067442
732.000000000000 37.998792979350 111.009560490109 -0.596930575862
733.000000000000 37.998794899194 111.009583129426 -0.596347923326
734.000000000000 37.998796881637 111.009605760627 -0.595759488110
735.000000000000 37.998798926129 111.009628377738 -0.595162466125
736.000000000000 37.998801033507 111.009650990770 -0.594547098132
737.000000000000 37.998803202944 111.009673590203 -0.593910373302
738.000000000000 37.998805435502 111.009696186600 -0.593258169307
739.000000000000 37.998807729551 111.009718763847 -0.592588012124
740.000000000000 37.998810087283 111.009741343167 -0.591897728853
741.000000000000 37.998812508704 111.009763923393 -0.591188839417
742.000000000000 37.998814989958 111.009786469438 -0.590462838786
743.000000000000 37.998817533669 111.009809005603 -0.589720242118
744.000000000000 37.998820141062 111.009831541900 -0.588965602156
745.000000000000 37.998822808980 111.009854051726 -0.588201851675
746.000000000000 37.998825540254 111.009876559568 -0.587427900417
747.000000000000 37.998828330941 111.009899033944 -0.586643754761
748.000000000000 37.998831186492 111.009921517777 -0.585845806605
749.000000000000 37.998834104820 111.009943993976 -0.585033534344
750.000000000000 37.998837082685 111.009966437277 -0.584209901749
751.000000000000 37.998840122996 111.009988870480 -0.583374126047
752.000000000000 37.998843226992 111.010011302268 -0.582523373522
753.000000000000 37.998846392042 111.010033712993 -0.581657751920
754.000000000000 37.998849620178 111.010056117314 -0.580778566174
755.000000000000 37.998852910932 111.010078512258 -0.579886851428
756.000000000000 37.998856263095 111.010100889509 -0.578976813109
757.000000000000 37.998859676606 111.010123248548 -0.578048612246
758.000000000000 37.998863151264 111.010145588601 -0.577106884381
759.000000000000 37.998866689570 111.010167925482 -0.576152660277
760.000000000000 37.998870289527 111.010190246193 -0.575184634437
761.000000000000 37.998873950213 111.010212545204 -0.574204587560
762.000000000000 37.998877671296 111.010234820571 -0.573207390877
763.000000000000 37.998881455392 111.010257088211 -0.572192673571
764.000000000000 37.998885300170 111.010279334443 -0.571160022450
765.000000000000 37.998889207219 111.010301568344 -0.570108149515
766.000000000000 37.998893174572 111.010323778538 -0.569045883624
767.000000000000 37.998897204853 111.010345979526 -0.567970123703
768.000000000000 37.998901292958 111.010368143051 -0.566878490002
769.000000000000 37.998905443630 111.010390295839 -0.565769549802
770.000000000000 37.998909656466 111.010412435280 -0.564644850500
771.000000000000 37.998913930543 111.010434556442 -0.563503692015
772.000000000000 37.998918265798 111.010456659003 -0.562346074853
773.000000000000 37.998922664358 111.010478753335 -0.561170996099
774.000000000000 37.998927123148 111.010500824079 -0.559980712711
775.000000000000 37.998931640143 111.010522861797 -0.558779124184
776.000000000000 37.998936220639 111.010544892186 -0.557564589592
777.000000000000 37.998940857648 111.010566881363 -0.556339653219
778.000000000000 37.998945558770 111.010588865914 -0.555097780065
779.000000000000 37.998950317243 111.010610814010 -0.553836996328
780.000000000000 37.998955138817 111.010632752104 -0.552561898441
781.000000000000 37.998960020659 111.010654667115 -0.551268392409
782.000000000000 37.998964964314 111.010676566245 -0.549959740412
783.000000000000 37.998969968578 111.010698443973 -0.548636742742
784.000000000000 37.998975029935 111.010720285026 -0.547302518673
785.000000000000 37.998980156491 111.010742124245 -0.545948456657
786.000000000000 37.998985341255 111.010763931711 -0.544581109987
787.000000000000 37.998990585045 111.010785710915 -0.543196074079
788.000000000000 37.998995888305 111.010807463733 -0.541796973384
789.000000000000 37.999001253832 111.010829201709 -0.540381625901
790.000000000000 37.999006680203 111.010850918819 -0.538953500727
791.000000000000 37.999012164888 111.010872605259 -0.537509369577
792.000000000000 37.999017709197 111.010894266052 -0.536050940857
793.000000000000 37.999023313077 111.010915901199 -0.534577753405
794.000000000000 37.999028976424 111.010937510424 -0.533088668636
795.000000000000 37.999034701926 111.010959103860 -0.531584019993
796.000000000000 37.999040488295 111.010980676355 -0.530064221545
797.000000000000 37.999046333748 111.011002221149 -0.528529201158
798.000000000000 37.999052238303 111.011023738375 -0.526987967819
799.000000000000 37.999058199345 111.011045218760 -0.525432218052
800.000000000000 37.999064220729 111.011066676276 -0.523857268538
801.000000000000 37.999070302088 111.011088109678 -0.522269961430
