39.72179565311012 116.61795882221554 12.69032014388489
39.72185154299983 116.61794771317939 12.66675783783784
39.72189641963495 116.61793866548624 12.68600492957747
39.72194052562257 116.61792946774275 12.68272258064516
39.72198608285885 116.61792024717207 12.67475628415301
39.72203155159780 116.61791092184180 12.65525928571429
39.72207719313815 116.61790182777830 12.69981643835617
39.72212440842123 116.61789234126408 12.69806878048780
39.72223837304677 116.61786918928773 12.55279014084507
39.72239142979790 116.61783801312357 12.70004503311258
39.72242630629479 116.61783084689392 12.69937027027027
39.72247050939508 116.61782141698423 12.70865000000000
39.72251521757662 116.61781248455908 12.68916967741936
39.72255352023318 116.61780441704373 12.69175686274510
39.72260385816573 116.61779436042819 12.71706232876712
39.72264867465593 116.61778518386041 12.72124436619718
39.72270389816760 116.61777401612373 12.72124436619718
